EMBOSS_001	XP_040548340.1	83.195	482	31	8	1	482	1	432	0.0	779
EMBOSS_001	XP_040548341.1	83.195	482	31	8	1	482	1	432	0.0	779
EMBOSS_001	XP_003642865.1	82.988	482	32	8	1	482	1	432	0.0	777
EMBOSS_001	XP_004948688.1	82.988	482	32	8	1	482	1	432	0.0	777
EMBOSS_001	XP_031456423.1	82.780	482	33	8	1	482	1	432	0.0	773
EMBOSS_001	XP_021233644.1	82.365	482	35	8	1	482	1	432	0.0	767
EMBOSS_001	XP_015741500.1	81.950	482	37	8	1	482	1	432	0.0	762
EMBOSS_001	XP_010295685.1	82.096	458	37	8	25	482	6	418	0.0	724
EMBOSS_001	XP_005429668.1	81.818	451	44	6	86	536	1	413	0.0	721
EMBOSS_001	XP_009460192.1	82.237	456	36	8	27	482	1	411	0.0	716
EMBOSS_001	XP_009892089.1	87.154	397	12	7	86	482	1	358	0.0	670
EMBOSS_001	XP_014814680.1	85.894	397	17	7	86	482	1	358	0.0	667
EMBOSS_001	PKU41280.1	86.146	397	16	7	86	482	1	358	0.0	665
EMBOSS_001	XP_010583936.1	86.650	397	14	7	86	482	1	358	0.0	664
EMBOSS_001	KFP08967.1	86.990	392	12	7	89	480	1	353	0.0	661
EMBOSS_001	KGL85810.1	86.990	392	12	7	89	480	1	353	0.0	661
EMBOSS_001	XP_009899158.1	76.316	456	48	8	27	482	1	396	0.0	661
EMBOSS_001	KFQ70770.1	85.969	392	16	7	89	480	1	353	0.0	659
EMBOSS_001	XP_009982315.1	85.894	397	17	7	86	482	1	358	0.0	659
EMBOSS_001	XP_010207956.1	84.848	396	21	7	86	481	1	357	0.0	657
EMBOSS_001	XP_010207957.1	84.848	396	21	7	86	481	1	357	0.0	657
EMBOSS_001	KFQ94573.1	86.480	392	14	7	89	480	1	353	0.0	657
EMBOSS_001	KFQ16131.1	86.224	392	15	7	89	480	1	353	0.0	654
EMBOSS_001	XP_030364364.1	84.848	396	21	7	86	481	1	357	0.0	653
EMBOSS_001	XP_037266979.1	85.390	397	19	7	86	482	1	358	0.0	653
EMBOSS_001	XP_005439497.2	85.390	397	19	7	86	482	1	358	0.0	652
EMBOSS_001	XP_040473657.1	85.390	397	19	7	86	482	1	358	0.0	652
EMBOSS_001	KFP28446.1	84.949	392	20	7	89	480	1	353	0.0	650
EMBOSS_001	XP_009553670.1	85.139	397	20	7	86	482	1	358	0.0	650
EMBOSS_001	XP_010187293.1	84.596	396	22	7	86	481	1	357	0.0	649
EMBOSS_001	XP_005513636.2	84.131	397	24	7	86	482	1	358	0.0	649
EMBOSS_001	KFV16020.1	85.714	392	17	7	89	480	1	353	0.0	649
EMBOSS_001	XP_005238894.2	85.139	397	20	7	86	482	1	358	0.0	648
EMBOSS_001	XP_008936739.1	84.091	396	24	7	86	481	1	357	0.0	647
EMBOSS_001	OPJ74548.1	83.627	397	26	7	86	482	1	358	0.0	644
EMBOSS_001	KFU87009.1	83.929	392	24	7	89	480	1	353	0.0	644
EMBOSS_001	KFQ28029.1	84.439	392	22	7	89	480	1	353	0.0	641
EMBOSS_001	KFQ38853.1	84.655	391	21	7	90	480	1	352	0.0	640
EMBOSS_001	XP_008503927.1	82.071	396	32	7	86	481	1	357	0.0	640
EMBOSS_001	XP_030321679.1	82.071	396	32	7	86	481	1	357	0.0	640
EMBOSS_001	XP_009079850.1	83.081	396	28	7	86	481	1	357	0.0	639
EMBOSS_001	KFV54932.1	84.536	388	21	7	93	480	1	349	0.0	639
EMBOSS_001	KFO72113.1	84.949	392	20	7	89	480	1	353	0.0	639
EMBOSS_001	XP_040392851.1	82.620	397	30	7	86	482	1	358	0.0	635
EMBOSS_001	KAF1488921.1	86.146	397	16	7	86	482	1	358	0.0	632
EMBOSS_001	XP_005139910.2	82.071	396	32	7	86	481	1	357	0.0	632
EMBOSS_001	XP_026720573.1	80.630	413	38	9	71	482	46	417	0.0	631
EMBOSS_001	KFO97556.1	81.888	392	32	7	89	480	1	353	0.0	631
EMBOSS_001	KFP87454.1	82.908	392	28	7	89	480	1	353	0.0	631
EMBOSS_001	KQK79067.1	82.576	396	30	7	86	481	1	357	0.0	631
EMBOSS_001	KAF1404242.1	86.650	397	14	7	86	482	1	358	0.0	630
EMBOSS_001	KAF1432837.1	86.650	397	14	7	86	482	1	358	0.0	630
EMBOSS_001	KAF1440782.1	86.650	397	14	7	86	482	1	358	0.0	630
EMBOSS_001	KAF1459431.1	86.650	397	14	7	86	482	1	358	0.0	630
EMBOSS_001	XP_027520533.1	81.313	396	35	7	86	481	1	357	0.0	630
EMBOSS_001	XP_027751872.1	81.566	396	34	7	86	481	1	357	0.0	629
EMBOSS_001	KAF1524284.1	86.650	397	14	7	86	482	1	358	0.0	629
EMBOSS_001	XP_032566992.1	81.061	396	36	7	86	481	1	357	0.0	629
EMBOSS_001	KAF1546409.1	86.398	397	15	7	86	482	1	358	0.0	629
EMBOSS_001	KAF1548696.1	86.398	397	15	7	86	482	1	358	0.0	629
EMBOSS_001	KAF1561075.1	86.398	397	15	7	86	482	1	358	0.0	629
EMBOSS_001	KAF1604860.1	86.650	397	14	7	86	482	1	358	0.0	629
EMBOSS_001	KAF1642821.1	86.398	397	15	7	86	482	1	358	0.0	629
EMBOSS_001	KAF1464082.1	86.398	397	15	7	86	482	1	358	0.0	628
EMBOSS_001	KAF1464176.1	86.398	397	15	7	86	482	1	358	0.0	628
EMBOSS_001	KAF1471003.1	86.398	397	15	7	86	482	1	358	0.0	628
EMBOSS_001	KAF1473286.1	86.398	397	15	7	86	482	1	358	0.0	628
EMBOSS_001	KAF1578265.1	86.398	397	15	7	86	482	1	358	0.0	628
EMBOSS_001	KAF1627266.1	86.398	397	15	7	86	482	1	358	0.0	628
EMBOSS_001	XP_027601652.2	81.061	396	36	7	86	481	1	357	0.0	628
EMBOSS_001	KAF1584371.1	86.146	397	16	7	86	482	1	358	0.0	627
EMBOSS_001	XP_017689608.1	81.061	396	36	7	86	481	1	357	0.0	627
EMBOSS_001	KAF1487788.1	86.398	397	15	7	86	482	1	358	0.0	626
EMBOSS_001	KAF1671963.1	86.398	397	15	7	86	482	1	358	0.0	626
EMBOSS_001	XP_023798483.1	81.313	396	35	7	86	481	1	357	0.0	626
EMBOSS_001	XP_027558020.1	80.556	396	38	7	86	481	1	357	0.0	625
EMBOSS_001	XP_009281191.1	85.894	397	17	7	86	482	1	358	0.0	625
EMBOSS_001	XP_008922173.2	80.808	396	37	7	86	481	1	357	0.0	625
EMBOSS_001	KAF1663616.1	85.894	397	17	7	86	482	1	358	0.0	625
EMBOSS_001	XP_009324864.1	86.146	397	16	7	86	482	1	358	0.0	624
EMBOSS_001	XP_021388517.1	81.313	396	35	7	86	481	1	357	0.0	624
EMBOSS_001	KFV67652.1	81.888	392	32	7	89	480	1	353	0.0	623
EMBOSS_001	XP_014740911.1	81.061	396	36	7	86	481	1	357	0.0	623
EMBOSS_001	KFM01312.1	85.823	395	17	7	86	480	1	356	0.0	622
EMBOSS_001	KFW61438.1	86.076	395	16	7	86	480	1	356	0.0	620
EMBOSS_001	XP_005531541.2	81.061	396	35	8	86	481	1	356	0.0	620
EMBOSS_001	XP_031990407.1	80.556	396	38	7	86	481	1	357	0.0	620
EMBOSS_001	XP_008638823.1	80.303	396	39	7	86	481	1	357	0.0	620
EMBOSS_001	XP_010411101.1	80.303	396	39	7	86	481	1	357	0.0	620
EMBOSS_001	XP_015506695.1	80.303	396	39	7	86	481	1	357	0.0	619
EMBOSS_001	XP_038019160.1	80.808	396	37	7	86	481	1	357	0.0	617
EMBOSS_001	KAG0116087.1	79.293	396	55	4	86	481	1	369	0.0	615
EMBOSS_001	XP_030822190.1	79.545	396	43	6	86	481	1	358	0.0	614
EMBOSS_001	XP_009094733.1	80.303	396	39	7	86	481	1	357	0.0	613
EMBOSS_001	KAF4787459.1	79.545	396	42	7	86	481	1	357	0.0	613
EMBOSS_001	KFW81030.1	80.357	392	38	7	89	480	1	353	0.0	612
EMBOSS_001	XP_039943279.1	80.051	396	40	7	86	481	1	357	0.0	612
EMBOSS_001	KFO52652.1	80.102	392	39	7	89	480	1	353	0.0	612
EMBOSS_001	XP_039553177.1	79.798	396	41	7	86	481	1	357	0.0	610
EMBOSS_001	XP_005059732.1	79.040	396	45	6	86	481	1	358	0.0	609
EMBOSS_001	XP_027301312.1	82.368	397	31	7	86	482	1	358	0.0	607
EMBOSS_001	XP_009943063.1	80.789	380	16	7	103	482	17	339	0.0	585
EMBOSS_001	KFR03283.1	80.423	378	16	7	103	480	2	321	0.0	578
EMBOSS_001	KFZ68785.1	82.840	338	19	7	90	427	1	299	0.0	542
EMBOSS_001	XP_025969362.1	69.773	397	99	5	86	482	1	376	0.0	509
EMBOSS_001	XP_025900367.1	67.506	397	67	7	86	482	1	335	4.69e-172	483
EMBOSS_001	XP_009870532.1	67.003	397	32	10	86	482	1	298	2.62e-165	464
EMBOSS_001	XP_013806897.1	72.871	317	48	6	86	402	1	279	9.60e-158	444
EMBOSS_001	OWK54800.1	84.800	250	25	4	232	481	1	237	5.14e-145	410
EMBOSS_001	XP_019478895.1	86.266	233	19	4	250	482	1	220	2.63e-139	395
EMBOSS_001	XP_013055223.1	76.136	176	16	3	86	261	1	150	8.62e-89	263
